Time of frame (seconds):
0.093510
0.090535
0.105330
0.090936
0.090789
0.091136
0.090636
0.090606
0.090731
0.090544
0.090530
0.090732
0.035138
0.008202
0.007142
0.011201
0.010597
0.010193
0.007472
0.008559
0.007036
0.010584
0.010085
0.006239
0.005521
0.009627
0.006266
0.005286
0.005792
0.006274
0.005571
0.004990
0.006436
0.006051
0.008890
0.008477
0.008049
0.005766
0.008620
0.008609
0.005474
0.005580
0.005171
0.005176
0.005797
0.005400
0.005386
0.008024
0.005029
0.005142
0.004879
0.005237
0.004931
0.005077
0.005079
0.004886
0.005340
0.004908
0.004919
0.005086
0.004855
0.005310
0.004944
0.004889
0.005037
0.004876
0.005161
0.004806
0.005025
0.005601
0.006873
0.006403
0.006835
0.006704
0.006555
0.009992
0.006780
0.006201
0.008755
0.006795
0.010717
0.006596
0.006897
0.006542
0.010946
0.009577
0.007994
0.006886
0.006055
0.007418
0.007369
0.012041
0.007887
0.007410
0.007580
0.007783
0.007917
0.007818
0.010529
0.008632
0.009761
0.008377
0.014187
0.017982
0.016294
0.020788
0.015800
0.020977
0.012684
0.009630
0.008608
0.008621
0.010213
0.010878
0.012388
0.007524
0.011967
0.009556
0.007886
0.007259
0.010213
0.007232
0.008951
0.007903
0.010601
0.008390
0.007228
0.008690
0.007781
0.011760
0.012435
0.012381
0.010826
0.009316
0.009777
0.012387
0.011936
0.012343
0.011146
0.012295
0.009284
0.008107
0.010065
0.007767
0.009100
0.008287
0.009112
0.013264
0.011572
0.013052
0.026247
0.014386
0.014428
0.016504
0.015168
0.013947
0.017880
0.015444
0.013976
0.019058
0.014059
0.014058
0.013953
0.013922
0.014027
0.014497
0.013909
0.014297
0.014692
0.016481
0.014663
0.014379
0.013953
0.013997
0.023911
0.014062
0.013954
0.019159
0.014526
0.014923
0.014140
0.015281
0.023535
0.040743
0.267421
0.270183
0.287008
0.284600
0.287465
0.283675
0.284758
0.216819
0.031276
0.019716
0.012351
0.012167
0.012183
0.011880
0.012223
0.012112
0.012366
0.012428
0.012369
0.012256
0.012138
0.012214
0.012199
0.012227
0.012163
0.012126
0.012567
0.012263
0.014145
0.012159
0.012022
0.012406
0.012314
0.012063
0.011812
0.029832
0.212958
0.232951
0.214252
0.213492
0.216877
0.028416
0.015362
0.015164
0.018989
0.025259
0.016614
0.015367
0.025309
0.015776
0.015749
0.019462
0.015638
0.015641
0.015430
0.015232
0.015180
0.021705
0.015548
0.016141
0.015537
0.015355
0.015631
0.028684
0.215286
0.215584
0.216118
0.215739
0.214013
0.214478
0.220281
0.215387
0.027122
0.020892
0.012387
0.012990
0.011393
0.010836
0.010632
0.012738
0.011311
0.011181
0.011451
0.011096
0.011075
0.011021
0.013508
0.011078
0.011138
0.011392
0.011263
0.015718
0.011044
0.015548
0.011115
0.010805
0.018069
0.014115
0.011379
0.010650
0.011028
0.010824
0.011280
0.010595
0.010467
0.010328
0.018234
0.011482
0.011086
0.012424
0.019236
0.019897
0.285976
0.292315
0.282179
0.302014
0.282430
0.280036
0.290003
0.285253
0.285155
0.284170
0.280787
0.285615
0.282263
0.281398
0.295945
0.300902
0.281621
0.053019
0.020093
0.053777
0.038097
0.035164
0.014825
0.014475
0.009944
0.009976
0.009927
0.009931
0.012039
0.009807
0.009437
0.009369
0.009248
0.009463
0.009295
0.009376
0.009684
0.009299
0.009325
0.009241
0.009231
0.009424
0.009332
0.009322
0.009283
0.009556
0.009472
0.013288
0.010633
0.015065
0.011219
0.010322
0.009629
0.009400
0.011520
0.009407
0.009556
0.013485
0.033712
0.029728
0.047627
0.016292
0.016725
0.023301
0.017416
0.017367
0.022287
0.021248
0.017634
0.027454
0.018952
0.016488
0.016692
0.016606
0.016638
0.016599
0.017005
0.017117
0.017197
0.022340
0.017357
0.153008
0.158908
0.150477
0.151310
0.148279
0.287407
0.284272
0.287232
0.147619
0.157667
0.157845
0.147738
0.148391
0.151167
0.150186
0.150344
0.148785
0.164208
0.183383
0.165334
0.149868
0.121717
0.103294
0.081050
0.071013
0.084956
0.102473
0.138382
0.168120
0.179341
0.193207
0.181075
0.176737
0.199648
0.221920
0.229524
0.237857
0.236780
0.227623
0.236955
0.221126
0.220607
0.215856
0.218700
0.212964
0.210189
0.217603
0.218434
0.212122
0.231865
0.253081
0.254521
0.254643
0.253791
0.254857
0.254815
0.253529
0.254232
0.254670
0.254409
0.254430
0.254214
0.254891
0.255059
0.252731
0.254398
0.252554
0.252126
0.252031
0.252832
0.251589
0.251721
0.251275
0.251879
0.261751
0.254778
0.254676
0.255470
0.255150
0.251930
0.258249
0.252145
0.251745
0.255726
0.258092
0.252788
0.252145
0.252280
0.252058
0.255339
0.252434
0.252958
0.261694
0.251747
0.255384
0.254946
0.252083
0.256159
0.252996
0.251526
0.251311
0.251174
0.251265
0.253752
0.251659
0.253905
0.260896
0.253325
0.251547
0.253618
0.254186
0.256387
